% measured transfer, with and without gzip
% measured via chrome developer console
% sizes in KB
olx_without_gzip = [
    32.6
    31
    36
    36.2
    35.1
    36.3
    34.3
    31.8
    24.2
    23.8
];

olx_with_gzip = [
    8.6
    9.1
    10
    10.5
    10.5
    9.8
    10.8
    8.9
    7
    7.5
];

icw_without_gzip = [
    0.8
    2.1
    0.8
    2.2
    0.6
    2.1
    2.2
    1.9
    1.1
    1.0
    1.8
    1.8
    1.0
    1.6
    0.2
    0.6
    1.6
    1.6
    1.6
    0.3
    0.2
    0.2
    1.0
    0.3
    0.2
    1.5
    1.4
    0.2
    1.5
    1.5
    1.4
];

icw_with_gzip = [
    0.4
    0.5
    0.7
    0.5
    0.3
    0.6
    0.4
    0.5
    0.2
    0.2
    0.6
    0.5
    0.4
    0.2
    0.2
    0.4
    0.7
    0.5
    0.3
    0.6
    0.6
    0.7
    0.5
    0.3
    0.6
    0.6
    0.5
    0.4
    0.2
    0.6
];
