# Created by parse-lg-radiolog by parsing file: ./olx.praca.log
# name: RADIO_STATE
# type: matrix
# rows: 97
# columns: 4
1460494832 1 0 0
1460494833 1 0 0
1460494834 1 0 0
1460494835 1 0 0
1460494836 1 0 0
1460494837 1 0 0
1460494838 1 0 0
1460494839 1 0 0
1460494840 1 0 0
1460494841 1 0 0
1460494842 0 0 0
1460494843 0 0 0
1460494844 0 0 0
1460494845 0 0 0
1460494846 0 0 0
1460494847 1 0 0
1460494848 1 20 22
1460494849 1 0 0
1460494850 1 0 0
1460494851 1 0 0
1460494852 1 0 0
1460494853 1 0 0
1460494854 1 0 0
1460494855 1 0 0
1460494856 1 0 0
1460494857 1 0 0
1460494858 1 0 0
1460494859 0 0 0
1460494860 0 0 0
1460494861 0 0 0
1460494862 0 0 0
1460494863 0 0 0
1460494864 0 0 0
1460494865 0 0 0
1460494866 0 0 0
1460494867 0 0 0
1460494868 0 0 0
1460494869 0 0 0
1460494870 0 0 0
1460494871 0 0 0
1460494872 0 0 0
1460494873 0 0 0
1460494874 0 0 0
1460494875 0 0 0
1460494876 0 0 0
1460494877 0 0 0
1460494878 0 0 0
1460494879 1 57 45
1460494880 1 37 31
1460494881 1 0 0
1460494882 1 20 38
1460494883 1 60 46
1460494884 1 12 22
1460494885 1 0 2
1460494886 1 0 0
1460494887 1 58 56
1460494888 1 0 0
1460494889 1 0 0
1460494890 1 0 0
1460494891 1 0 0
1460494892 1 0 0
1460494893 1 0 0
1460494894 1 2 1
1460494895 1 45 43
1460494896 1 6 2
1460494897 1 24 30
1460494898 1 61 51
1460494899 1 63 69
1460494900 1 102 100
1460494901 1 48 44
1460494902 1 83 83
1460494903 1 78 80
1460494904 1 46 46
1460494905 1 72 76
1460494906 1 123 123
1460494907 1 6 6
1460494908 1 0 0
1460494909 1 46 44
1460494910 1 64 64
1460494911 1 64 70
1460494912 1 120 112
1460494913 1 76 76
1460494914 1 36 36
1460494915 1 92 98
1460494916 1 196 188
1460494917 1 0 0
1460494918 1 0 0
1460494919 1 0 0
1460494920 1 43 39
1460494921 1 0 0
1460494922 1 0 0
1460494923 1 0 0
1460494924 1 0 0
1460494925 1 0 0
1460494926 1 0 0
1460494927 1 2 2
1460494928 1 0 0
