# Created by parse-lg-radiolog by parsing file: ./pracuj.pl.log
# name: RADIO_STATE
# type: matrix
# rows: 67
# columns: 4
1460494155 1 0 0
1460494156 1 0 0
1460494157 1 0 0
1460494158 1 0 0
1460494159 1 28 20
1460494160 1 4 8
1460494161 1 0 0
1460494162 1 0 0
1460494163 1 0 0
1460494164 1 0 0
1460494165 1 0 0
1460494166 1 0 0
1460494167 1 0 0
1460494168 1 0 0
1460494169 1 0 0
1460494170 1 0 0
1460494171 1 0 0
1460494172 0 0 0
1460494173 0 0 0
1460494174 0 0 0
1460494175 0 0 0
1460494176 1 0 2
1460494177 1 0 0
1460494178 1 0 0
1460494179 1 0 0
1460494180 1 0 0
1460494181 1 0 0
1460494182 1 0 0
1460494183 1 0 0
1460494184 1 0 0
1460494185 1 0 0
1460494186 1 0 0
1460494187 1 0 0
1460494188 0 0 0
1460494189 0 0 0
1460494190 1 0 0
1460494191 1 42 40
1460494192 1 0 0
1460494193 1 0 0
1460494194 1 24 30
1460494195 1 0 0
1460494196 1 0 0
1460494197 1 0 0
1460494198 1 0 0
1460494199 1 0 0
1460494200 1 0 0
1460494201 1 0 0
1460494202 1 0 0
1460494203 1 0 0
1460494204 1 0 0
1460494205 0 0 0
1460494206 0 0 0
1460494207 0 0 0
1460494208 1 0 0
1460494209 1 7 9
1460494210 1 4 4
1460494211 1 20 20
1460494212 1 4 4
1460494213 1 2 2
1460494214 1 0 0
1460494215 1 0 0
1460494216 1 0 0
1460494217 1 0 0
1460494218 1 0 0
1460494219 1 0 0
1460494220 1 4 2
1460494221 1 3 3
