# Created by parse-lg-radiolog by parsing file: allegro.moto.log
# name: RADIO_STATE
# type: matrix
# rows: 468
# columns: 4
1460579588 0 0 0
1460579589 0 0 0
1460579590 0 0 0
1460579591 0 0 0
1460579592 1 0 0
1460579593 1 0 0
1460579594 1 86 98
1460579595 1 40 40
1460579596 1 180 231
1460579597 1 226 221
1460579598 1 303 292
1460579599 1 544 607
1460579600 1 366 362
1460579601 1 357 378
1460579602 1 325 318
1460579603 1 390 397
1460579604 1 0 0
1460579605 1 50 76
1460579606 1 0 0
1460579607 1 5 4
1460579608 1 7 7
1460579609 1 0 0
1460579610 1 0 0
1460579611 1 16 14
1460579612 1 54 54
1460579613 1 0 0
1460579614 1 0 2
1460579615 1 0 0
1460579616 1 9 7
1460579617 1 0 0
1460579618 1 71 129
1460579619 1 302 276
1460579620 1 342 590
1460579621 1 0 0
1460579622 1 2 2
1460579623 1 0 0
1460579624 1 0 2
1460579625 1 0 0
1460579626 1 9 7
1460579627 1 56 76
1460579628 1 0 0
1460579629 1 0 0
1460579630 1 0 0
1460579631 1 41 61
1460579632 1 86 113
1460579633 1 74 137
1460579634 1 63 118
1460579635 1 176 177
1460579636 1 0 0
1460579637 1 2 2
1460579638 1 0 0
1460579639 1 0 0
1460579640 1 0 0
1460579641 1 0 4
1460579642 1 0 0
1460579643 1 0 0
1460579644 1 26 22
1460579645 1 116 184
1460579646 1 0 0
1460579647 1 0 0
1460579648 1 17 15
1460579649 1 72 118
1460579650 1 0 0
1460579651 1 0 0
1460579652 1 28 28
1460579653 1 38 37
1460579654 1 30 54
1460579655 1 2 2
1460579656 1 69 119
1460579657 1 131 130
1460579658 1 0 2
1460579659 1 0 0
1460579660 1 2 2
1460579661 1 0 0
1460579662 1 22 20
1460579663 1 0 0
1460579664 1 0 0
1460579665 1 0 0
1460579666 1 0 0
1460579667 1 2 2
1460579668 1 12 8
1460579669 1 74 113
1460579670 1 255 255
1460579671 1 0 0
1460579672 1 0 2
1460579673 1 0 0
1460579674 1 0 0
1460579675 1 0 0
1460579676 1 0 0
1460579677 1 0 0
1460579678 1 0 0
1460579679 1 0 0
1460579680 1 492 470
1460579681 1 162 170
1460579682 1 2 2
1460579683 1 0 0
1460579684 1 1 0
1460579685 1 21 18
1460579686 1 0 0
1460579687 1 0 0
1460579688 1 0 0
1460579689 1 0 0
1460579690 1 0 0
1460579691 1 0 0
1460579692 1 0 0
1460579693 1 0 0
1460579694 1 0 0
1460579695 1 0 0
1460579696 1 1 1
1460579697 1 22 20
1460579698 1 48 46
1460579699 1 0 0
1460579700 1 0 0
1460579701 1 2 1
1460579702 1 110 109
1460579703 1 0 0
1460579704 1 0 0
1460579705 1 0 0
1460579706 1 0 0
1460579707 1 41 41
1460579708 1 14 14
1460579709 1 116 114
1460579710 1 0 0
1460579711 1 176 176
1460579712 1 2 2
1460579713 1 0 0
1460579714 1 38 36
1460579715 1 64 63
1460579716 1 122 121
1460579717 1 20 22
1460579718 1 0 0
1460579719 1 0 0
1460579720 1 0 0
1460579721 1 12 12
1460579722 1 0 0
1460579723 1 36 116
1460579724 1 15 14
1460579725 1 47 54
1460579726 1 66 78
1460579727 1 2 2
1460579728 1 0 0
1460579729 1 13 13
1460579730 1 10 10
1460579731 1 10 10
1460579732 1 12 10
1460579733 1 13 15
1460579734 1 0 0
1460579735 1 0 0
1460579736 1 11 11
1460579737 1 0 2
1460579738 1 12 10
1460579739 1 0 0
1460579740 1 0 0
1460579741 1 0 0
1460579742 1 2 2
1460579743 1 0 0
1460579744 1 0 0
1460579745 1 0 2
1460579746 1 0 0
1460579747 1 0 0
1460579748 1 0 0
1460579749 1 0 0
1460579750 1 0 0
1460579751 1 120 118
1460579752 1 102 100
1460579753 1 18 12
1460579754 1 2 6
1460579755 1 1 0
1460579756 1 5 4
1460579757 1 0 0
1460579758 1 147 152
1460579759 1 36 36
1460579760 1 134 132
1460579761 1 129 170
1460579762 1 119 154
1460579763 1 76 76
1460579764 1 0 0
1460579765 1 87 129
1460579766 1 188 226
1460579767 1 12 11
1460579768 1 94 169
1460579769 1 0 0
1460579770 1 0 0
1460579771 1 1 0
1460579772 1 1 2
1460579773 1 0 0
1460579774 1 0 0
1460579775 1 0 2
1460579776 1 2 2
1460579777 1 18 27
1460579778 1 19 28
1460579779 1 12 10
1460579780 1 52 96
1460579781 1 110 98
1460579782 1 512 583
1460579783 1 72 76
1460579784 1 0 0
1460579785 1 0 0
1460579786 1 0 0
1460579787 1 2 2
1460579788 1 34 44
1460579789 1 0 0
1460579790 1 13 11
1460579791 1 26 50
1460579792 1 0 0
1460579793 1 13 11
1460579794 1 62 118
1460579795 1 413 624
1460579796 1 0 0
1460579797 1 0 0
1460579798 1 0 0
1460579799 1 13 11
1460579800 1 94 132
1460579801 1 57 106
1460579802 1 55 49
1460579803 1 116 108
1460579804 1 67 77
1460579805 1 18 18
1460579806 1 0 0
1460579807 1 0 0
1460579808 1 0 0
1460579809 1 0 0
1460579810 1 0 2
1460579811 1 13 11
1460579812 1 32 34
1460579813 1 0 0
1460579814 1 0 0
1460579815 1 0 0
1460579816 1 3 2
1460579817 1 92 91
1460579818 1 28 26
1460579819 1 85 85
1460579820 1 22 22
1460579821 1 0 0
1460579822 1 37 34
1460579823 1 80 75
1460579824 1 22 26
1460579825 1 0 0
1460579826 1 31 29
1460579827 1 30 28
1460579828 1 139 195
1460579829 1 140 143
1460579830 1 0 0
1460579831 1 0 0
1460579832 1 2 2
1460579833 1 0 0
1460579834 1 22 18
1460579835 1 31 25
1460579836 1 2 6
1460579837 1 33 33
1460579838 1 172 169
1460579839 1 52 53
1460579840 1 61 61
1460579841 1 113 115
1460579842 1 228 224
1460579843 1 158 176
1460579844 1 85 119
1460579845 1 2 6
1460579846 1 0 0
1460579847 1 46 46
1460579848 1 64 126
1460579849 1 265 288
1460579850 1 80 157
1460579851 1 174 258
1460579852 1 136 134
1460579853 1 98 98
1460579854 1 168 226
1460579855 1 0 0
1460579856 1 123 119
1460579857 1 6 8
1460579858 1 122 164
1460579859 1 72 136
1460579860 1 58 98
1460579861 1 117 177
1460579862 1 117 177
1460579863 1 1 1
1460579864 1 0 0
1460579865 1 46 82
1460579866 1 14 14
1460579867 1 118 208
1460579868 1 52 120
1460579869 1 188 232
1460579870 1 50 90
1460579871 1 64 110
1460579872 1 132 176
1460579873 1 0 0
1460579874 1 54 98
1460579875 1 0 0
1460579876 1 4 4
1460579877 1 2 2
1460579878 1 0 0
1460579879 1 0 0
1460579880 1 0 0
1460579881 1 0 0
1460579882 1 46 62
1460579883 1 100 224
1460579884 1 54 78
1460579885 1 64 100
1460579886 1 44 44
1460579887 1 0 0
1460579888 1 0 0
1460579889 1 26 42
1460579890 1 219 264
1460579891 1 116 154
1460579892 1 158 188
1460579893 1 66 112
1460579894 1 126 180
1460579895 1 92 148
1460579896 1 0 0
1460579897 1 174 204
1460579898 1 172 244
1460579899 1 130 177
1460579900 1 112 183
1460579901 1 76 120
1460579902 1 150 222
1460579903 1 226 364
1460579904 1 120 188
1460579905 1 134 198
1460579906 1 58 98
1460579907 1 10 8
1460579908 1 136 174
1460579909 1 108 156
1460579910 1 151 277
1460579911 1 52 92
1460579912 1 46 66
1460579913 1 114 175
1460579914 1 44 51
1460579915 1 80 120
1460579916 1 90 134
1460579917 1 0 0
1460579918 1 0 0
1460579919 1 0 0
1460579920 1 6 6
1460579921 1 0 0
1460579922 1 2 2
1460579923 1 0 0
1460579924 1 1 0
1460579925 1 106 102
1460579926 1 141 142
1460579927 1 74 74
1460579928 1 0 0
1460579929 1 8 8
1460579930 1 2 2
1460579931 1 2 2
1460579932 1 14 12
1460579933 1 573 637
1460579934 1 2 2
1460579935 1 0 0
1460579936 1 86 84
1460579937 1 185 215
1460579938 1 258 294
1460579939 1 249 263
1460579940 1 2 2
1460579941 1 2 2
1460579942 1 272 312
1460579943 1 27 25
1460579944 1 288 304
1460579945 1 198 228
1460579946 1 0 0
1460579947 1 0 0
1460579948 1 0 0
1460579949 1 0 0
1460579950 1 0 0
1460579951 1 0 0
1460579952 1 2 2
1460579953 1 184 182
1460579954 1 216 214
1460579955 1 0 0
1460579956 1 36 35
1460579957 1 12 12
1460579958 1 68 124
1460579959 1 130 128
1460579960 1 0 0
1460579961 1 0 0
1460579962 1 158 196
1460579963 1 0 0
1460579964 1 0 0
1460579965 1 2 2
1460579966 1 0 0
1460579967 1 2 2
1460579968 1 0 0
1460579969 1 0 0
1460579970 1 2 2
1460579971 1 0 0
1460579972 1 0 2
1460579973 1 2 2
1460579974 1 160 158
1460579975 1 176 246
1460579976 1 144 144
1460579977 1 88 134
1460579978 1 0 0
1460579979 1 0 0
1460579980 1 78 146
1460579981 1 0 0
1460579982 1 18 16
1460579983 1 0 0
1460579984 1 150 170
1460579985 1 2 2
1460579986 1 163 208
1460579987 1 120 185
1460579988 1 206 296
1460579989 1 148 206
1460579990 1 90 168
1460579991 1 0 0
1460579992 1 0 0
1460579993 1 4 4
1460579994 1 182 322
1460579995 1 2 2
1460579996 1 68 118
1460579997 1 170 208
1460579998 1 260 402
1460579999 1 302 354
1460580000 1 244 308
1460580001 1 0 0
1460580002 1 282 338
1460580003 1 148 312
1460580004 1 0 0
1460580005 1 11 7
1460580006 1 212 332
1460580007 1 52 116
1460580008 1 72 134
1460580009 1 162 248
1460580010 1 246 332
1460580011 1 57 91
