# Created by parse-lg-radiolog by parsing file: olx.moto.log
# name: RADIO_STATE
# type: matrix
# rows: 255
# columns: 4
1460578921 1 0 0
1460578922 1 0 0
1460578923 1 10 8
1460578924 1 0 0
1460578925 1 13 11
1460578926 1 27 31
1460578927 1 14 20
1460578928 1 0 0
1460578929 1 0 0
1460578930 1 4 0
1460578931 1 44 48
1460578932 1 151 148
1460578933 1 150 149
1460578934 1 98 96
1460578935 1 165 158
1460578936 1 82 87
1460578937 1 100 98
1460578938 1 107 105
1460578939 1 99 97
1460578940 1 145 145
1460578941 1 170 168
1460578942 1 3 3
1460578943 1 156 156
1460578944 1 0 2
1460578945 1 0 0
1460578946 1 2 2
1460578947 1 0 0
1460578948 1 2 2
1460578949 1 16 18
1460578950 1 113 137
1460578951 1 8 6
1460578952 1 2 0
1460578953 1 4 0
1460578954 1 6 0
1460578955 1 4 0
1460578956 1 4 0
1460578957 1 2 0
1460578958 1 217 308
1460578959 1 130 213
1460578960 1 220 314
1460578961 1 0 0
1460578962 1 24 24
1460578963 1 30 27
1460578964 1 385 382
1460578965 1 240 240
1460578966 1 110 108
1460578967 1 249 247
1460578968 1 213 223
1460578969 1 6 4
1460578970 1 2 2
1460578971 1 0 0
1460578972 1 102 154
1460578973 1 74 174
1460578974 1 119 256
1460578975 1 265 284
1460578976 1 0 0
1460578977 1 0 0
1460578978 1 162 162
1460578979 1 2 2
1460578980 1 0 0
1460578981 1 2 2
1460578982 1 0 0
1460578983 1 2 2
1460578984 1 0 0
1460578985 1 0 0
1460578986 1 16 18
1460578987 1 16 18
1460578988 1 122 218
1460578989 1 2 2
1460578990 1 12 10
1460578991 1 6 6
1460578992 1 86 148
1460578993 1 68 154
1460578994 1 120 120
1460578995 1 0 0
1460578996 1 0 0
1460578997 1 0 0
1460578998 1 0 0
1460578999 1 2 2
1460579000 1 0 0
1460579001 1 58 90
1460579002 1 0 0
1460579003 1 58 90
1460579004 1 43 39
1460579005 1 159 158
1460579006 1 117 115
1460579007 1 174 174
1460579008 1 149 149
1460579009 1 436 531
1460579010 1 7 5
1460579011 1 0 0
1460579012 1 0 0
1460579013 1 7 3
1460579014 1 240 246
1460579015 1 153 151
1460579016 1 106 116
1460579017 1 89 208
1460579018 1 154 221
1460579019 1 4 6
1460579020 1 254 252
1460579021 1 168 172
1460579022 1 276 306
1460579023 1 172 226
1460579024 1 306 331
1460579025 1 142 139
1460579026 1 62 156
1460579027 1 6 4
1460579028 1 279 279
1460579029 1 163 265
1460579030 1 198 295
1460579031 1 274 349
1460579032 1 134 132
1460579033 1 92 92
1460579034 1 360 360
1460579035 1 308 306
1460579036 1 188 242
1460579037 1 20 98
1460579038 1 40 48
1460579039 1 0 0
1460579040 1 246 262
1460579041 1 203 199
1460579042 1 260 296
1460579043 1 18 40
1460579044 1 145 197
1460579045 1 0 0
1460579046 1 0 0
1460579047 1 0 0
1460579048 1 372 490
1460579049 1 284 340
1460579050 1 104 104
1460579051 1 63 68
1460579052 1 329 448
1460579053 1 110 109
1460579054 1 331 362
1460579055 1 204 208
1460579056 1 196 194
1460579057 1 2 2
1460579058 1 116 186
1460579059 1 0 0
1460579060 1 0 0
1460579061 1 0 0
1460579062 1 177 175
1460579063 1 0 0
1460579064 1 110 168
1460579065 1 76 136
1460579066 1 0 2
1460579067 1 154 270
1460579068 1 12 8
1460579069 1 0 0
1460579070 1 29 31
1460579071 1 254 262
1460579072 1 0 0
1460579073 1 2 2
1460579074 1 6 2
1460579075 1 255 282
1460579076 1 88 91
1460579077 1 689 760
1460579078 1 9 28
1460579079 1 7 5
1460579080 1 204 204
1460579081 1 174 174
1460579082 1 8 6
1460579083 1 103 210
1460579084 1 35 34
1460579085 1 210 208
1460579086 1 206 202
1460579087 1 169 245
1460579088 1 246 252
1460579089 1 218 218
1460579090 1 146 146
1460579091 1 307 303
1460579092 1 64 62
1460579093 1 126 126
1460579094 1 0 0
1460579095 1 0 0
1460579096 1 178 176
1460579097 1 0 0
1460579098 1 0 0
1460579099 1 0 0
1460579100 1 178 178
1460579101 1 0 0
1460579102 1 16 18
1460579103 1 104 174
1460579104 1 0 0
1460579105 1 0 0
1460579106 1 4 4
1460579107 1 0 0
1460579108 1 0 0
1460579109 1 0 0
1460579110 1 4 4
1460579111 1 7 5
1460579112 1 0 0
1460579113 1 0 0
1460579114 1 0 0
1460579115 1 0 0
1460579116 1 0 0
1460579117 1 0 0
1460579118 1 2 2
1460579119 1 0 0
1460579120 1 0 0
1460579121 1 0 0
1460579122 1 0 0
1460579123 1 11 8
1460579124 1 216 219
1460579125 1 104 206
1460579126 1 0 0
1460579127 1 110 190
1460579128 1 0 0
1460579129 1 35 38
1460579130 1 79 166
1460579131 1 98 176
1460579132 1 76 201
1460579133 1 10 23
1460579134 1 0 0
1460579135 1 0 0
1460579136 1 0 0
1460579137 1 0 0
1460579138 1 68 84
1460579139 1 215 283
1460579140 1 190 182
1460579141 1 72 76
1460579142 1 116 124
1460579143 1 114 206
1460579144 1 159 162
1460579145 1 18 21
1460579146 1 194 194
1460579147 1 1 2
1460579148 1 190 185
1460579149 1 136 138
1460579150 1 8 8
1460579151 1 36 36
1460579152 1 78 92
1460579153 1 6 4
1460579154 1 76 76
1460579155 1 85 163
1460579156 1 173 168
1460579157 1 88 181
1460579158 1 12 16
1460579159 1 12 16
1460579160 1 0 0
1460579161 1 52 52
1460579162 1 194 194
1460579163 1 263 437
1460579164 1 276 280
1460579165 1 276 280
1460579166 1 276 280
1460579167 1 2 2
1460579168 1 2 2
1460579169 1 0 0
1460579170 1 0 0
1460579171 1 2 2
1460579172 1 0 2
1460579173 1 2 0
1460579174 1 0 0
1460579175 1 0 0
