# Created by parse-lg-radiolog by parsing file: otomoto.log
# name: RADIO_STATE
# type: matrix
# rows: 242
# columns: 4
1460578016 1 0 0
1460578017 1 24 24
1460578018 1 0 0
1460578019 1 101 161
1460578020 1 14 14
1460578021 1 0 0
1460578022 1 0 0
1460578023 1 0 0
1460578024 1 0 0
1460578025 1 28 28
1460578026 1 32 32
1460578027 1 2 2
1460578028 1 54 70
1460578029 1 43 46
1460578030 1 55 50
1460578031 1 42 40
1460578032 1 317 335
1460578033 1 72 72
1460578034 1 0 0
1460578035 1 150 150
1460578036 1 2 2
1460578037 1 112 112
1460578038 1 139 147
1460578039 1 70 112
1460578040 1 0 0
1460578041 1 0 0
1460578042 1 12 10
1460578043 1 28 22
1460578044 1 188 282
1460578045 1 188 282
1460578046 1 188 282
1460578047 1 188 282
1460578048 1 188 282
1460578049 1 188 282
1460578050 1 208 310
1460578051 1 56 96
1460578052 1 37 35
1460578053 1 4 4
1460578054 1 46 90
1460578055 1 46 65
1460578056 1 84 171
1460578057 1 0 0
1460578058 1 0 0
1460578059 1 0 0
1460578060 1 0 0
1460578061 1 0 0
1460578062 1 0 0
1460578063 1 0 0
1460578064 1 0 0
1460578065 1 0 0
1460578066 1 0 0
1460578067 1 0 0
1460578068 0 0 0
1460578069 0 0 0
1460578070 0 0 0
1460578071 0 0 0
1460578072 1 0 0
1460578073 1 4 8
1460578074 1 18 20
1460578075 1 188 178
1460578076 1 0 2
1460578077 1 0 0
1460578078 1 214 212
1460578079 1 49 39
1460578080 1 136 156
1460578081 1 0 2
1460578082 1 0 0
1460578083 1 27 29
1460578084 1 255 442
1460578085 1 11 14
1460578086 1 0 0
1460578087 1 0 0
1460578088 1 0 0
1460578089 1 0 0
1460578090 1 0 0
1460578091 1 0 0
1460578092 1 0 0
1460578093 1 2 2
1460578094 1 8 8
1460578095 1 54 54
1460578096 1 88 84
1460578097 1 142 140
1460578098 1 155 167
1460578099 1 162 202
1460578100 1 40 38
1460578101 1 36 36
1460578102 1 0 0
1460578103 1 0 0
1460578104 1 0 0
1460578105 1 0 0
1460578106 1 0 0
1460578107 1 94 94
1460578108 1 0 0
1460578109 1 83 93
1460578110 1 83 93
1460578111 1 4 8
1460578112 1 0 0
1460578113 1 0 0
1460578114 1 0 0
1460578115 1 4 4
1460578116 1 77 73
1460578117 1 0 0
1460578118 1 26 22
1460578119 1 292 300
1460578120 1 14 22
1460578121 1 0 0
1460578122 1 0 0
1460578123 1 76 122
1460578124 1 0 0
1460578125 1 112 120
1460578126 1 50 89
1460578127 1 16 27
1460578128 1 2 0
1460578129 1 164 324
1460578130 1 0 0
1460578131 1 110 194
1460578132 1 12 26
1460578133 1 0 0
1460578134 1 0 0
1460578135 1 128 234
1460578136 1 0 0
1460578137 1 50 90
1460578138 1 0 0
1460578139 1 0 0
1460578140 1 0 0
1460578141 1 54 86
1460578142 1 0 0
1460578143 1 52 80
1460578144 1 46 58
1460578145 1 6 18
1460578146 1 0 0
1460578147 1 0 0
1460578148 1 0 0
1460578149 1 0 0
1460578150 1 0 0
1460578151 1 0 0
1460578152 1 0 0
1460578153 1 18 20
1460578154 1 0 0
1460578155 1 69 63
1460578156 1 80 82
1460578157 1 57 55
1460578158 1 22 22
1460578159 1 0 0
1460578160 1 0 0
1460578161 1 6 5
1460578162 1 31 26
1460578163 1 330 338
1460578164 1 2 4
1460578165 1 64 114
1460578166 1 8 12
1460578167 1 45 57
1460578168 1 35 71
1460578169 1 93 157
1460578170 1 4 4
1460578171 1 64 176
1460578172 1 38 36
1460578173 1 92 156
1460578174 1 0 0
1460578175 1 2 0
1460578176 1 70 128
1460578177 1 56 92
1460578178 1 0 0
1460578179 1 0 0
1460578180 1 58 86
1460578181 1 0 0
1460578182 1 54 104
1460578183 1 120 200
1460578184 1 0 0
1460578185 1 0 0
1460578186 1 28 26
1460578187 1 10 16
1460578188 1 62 96
1460578189 1 0 0
1460578190 1 0 0
1460578191 1 64 110
1460578192 1 0 0
1460578193 1 0 0
1460578194 1 0 0
1460578195 1 0 0
1460578196 1 0 0
1460578197 1 0 0
1460578198 1 0 0
1460578199 1 0 0
1460578200 1 0 0
1460578201 1 0 0
1460578202 1 0 0
1460578203 1 0 0
1460578204 1 2 0
1460578205 1 60 60
1460578206 1 43 36
1460578207 1 130 139
1460578208 1 131 123
1460578209 1 130 134
1460578210 1 0 0
1460578211 1 58 58
1460578212 1 0 0
1460578213 1 0 0
1460578214 1 0 0
1460578215 1 266 278
1460578216 1 105 107
1460578217 1 72 70
1460578218 1 132 132
1460578219 1 63 60
1460578220 1 157 186
1460578221 1 6 6
1460578222 1 142 142
1460578223 1 0 0
1460578224 1 64 68
1460578225 1 48 48
1460578226 1 14 14
1460578227 1 0 0
1460578228 1 30 30
1460578229 1 124 158
1460578230 1 100 128
1460578231 1 97 108
1460578232 1 141 234
1460578233 1 67 81
1460578234 1 75 91
1460578235 1 40 44
1460578236 1 92 94
1460578237 1 0 0
1460578238 1 2 2
1460578239 1 0 0
1460578240 1 0 0
1460578241 1 0 0
1460578242 1 0 0
1460578243 1 0 0
1460578244 1 0 0
1460578245 1 0 0
1460578246 1 2 2
1460578247 1 2 2
1460578248 1 0 0
1460578249 1 15 14
1460578250 1 27 27
1460578251 1 11 11
1460578252 1 0 0
1460578253 1 0 0
1460578254 1 0 0
1460578255 1 0 0
1460578256 1 0 0
1460578257 1 0 0
