# Created by parse-lg-radiolog by parsing file: pracuj.pl.log
# name: RADIO_STATE
# type: matrix
# rows: 332
# columns: 4
1460580626 1 0 0
1460580627 1 0 0
1460580628 1 0 0
1460580629 1 0 0
1460580630 1 0 0
1460580631 1 0 0
1460580632 1 0 0
1460580633 0 0 0
1460580634 0 0 0
1460580635 0 0 0
1460580636 0 0 0
1460580637 0 0 0
1460580638 0 0 0
1460580639 0 0 0
1460580640 0 0 0
1460580641 0 0 0
1460580642 1 0 0
1460580643 1 2 2
1460580644 1 0 0
1460580645 1 0 0
1460580646 1 0 0
1460580647 1 2 2
1460580648 1 20 20
1460580649 1 2 4
1460580650 1 5 5
1460580651 1 0 0
1460580652 1 0 0
1460580653 1 4 2
1460580654 1 4 2
1460580655 1 4 2
1460580656 1 246 236
1460580657 1 300 304
1460580658 1 222 324
1460580659 1 120 106
1460580660 1 38 40
1460580661 1 2 2
1460580662 1 0 0
1460580663 1 4 0
1460580664 1 66 70
1460580665 1 0 0
1460580666 1 0 0
1460580667 1 0 0
1460580668 1 0 0
1460580669 1 39 34
1460580670 1 8 10
1460580671 1 0 0
1460580672 1 0 0
1460580673 1 0 0
1460580674 1 0 0
1460580675 1 0 0
1460580676 1 0 0
1460580677 1 0 0
1460580678 1 0 0
1460580679 1 0 0
1460580680 1 2 2
1460580681 1 16 16
1460580682 1 0 0
1460580683 1 0 0
1460580684 1 0 0
1460580685 1 0 0
1460580686 1 0 0
1460580687 1 0 0
1460580688 1 0 0
1460580689 1 0 0
1460580690 1 0 0
1460580691 1 0 0
1460580692 0 0 0
1460580693 0 0 0
1460580694 0 0 0
1460580695 0 0 0
1460580696 0 0 0
1460580697 1 20 20
1460580698 1 2 2
1460580699 1 0 0
1460580700 1 0 0
1460580701 1 0 0
1460580702 1 0 0
1460580703 1 0 0
1460580704 1 0 0
1460580705 1 0 0
1460580706 1 0 0
1460580707 1 0 0
1460580708 1 0 0
1460580709 1 0 0
1460580710 0 0 0
1460580711 0 0 0
1460580712 0 0 0
1460580713 0 0 0
1460580714 0 0 0
1460580715 0 0 0
1460580716 0 0 0
1460580717 1 8 8
1460580718 1 0 0
1460580719 1 0 0
1460580720 1 34 34
1460580721 1 34 34
1460580722 1 0 0
1460580723 1 0 0
1460580724 1 0 0
1460580725 1 0 0
1460580726 1 0 0
1460580727 1 0 0
1460580728 1 0 0
1460580729 1 0 0
1460580730 1 0 0
1460580731 1 0 0
1460580732 0 0 0
1460580733 0 0 0
1460580734 0 0 0
1460580735 0 0 0
1460580736 0 0 0
1460580737 0 0 0
1460580738 0 0 0
1460580739 0 0 0
1460580740 0 0 0
1460580741 0 0 0
1460580742 0 0 0
1460580743 0 0 0
1460580744 0 0 0
1460580745 0 0 0
1460580746 0 0 0
1460580747 0 0 0
1460580748 0 0 0
1460580749 0 0 0
1460580750 0 0 0
1460580751 0 0 0
1460580752 0 0 0
1460580753 0 0 0
1460580754 1 0 0
1460580755 1 22 22
1460580756 1 0 0
1460580757 1 0 0
1460580758 1 0 0
1460580759 1 0 0
1460580760 1 0 0
1460580761 1 0 0
1460580762 1 0 0
1460580763 1 0 0
1460580764 1 0 0
1460580765 1 0 0
1460580766 0 0 0
1460580767 0 0 0
1460580768 0 0 0
1460580769 0 0 0
1460580770 0 0 0
1460580771 0 0 0
1460580772 0 0 0
1460580773 0 0 0
1460580774 0 0 0
1460580775 1 0 0
1460580776 1 45 39
1460580777 1 6 4
1460580778 1 0 0
1460580779 1 0 0
1460580780 1 0 0
1460580781 1 0 0
1460580782 1 0 0
1460580783 1 0 0
1460580784 1 16 16
1460580785 1 0 0
1460580786 1 0 0
1460580787 1 0 0
1460580788 1 0 0
1460580789 1 4 3
1460580790 1 2 2
1460580791 1 0 0
1460580792 1 0 0
1460580793 1 0 0
1460580794 1 0 4
1460580795 1 0 0
1460580796 1 0 0
1460580797 1 0 0
1460580798 1 0 0
1460580799 1 0 0
1460580800 1 0 0
1460580801 1 0 0
1460580802 1 0 0
1460580803 1 0 0
1460580804 1 0 0
1460580805 1 0 0
1460580806 0 0 0
1460580807 0 0 0
1460580808 0 0 0
1460580809 0 0 0
1460580810 0 0 0
1460580811 0 0 0
1460580812 0 0 0
1460580813 0 0 0
1460580814 0 0 0
1460580815 0 0 0
1460580816 1 0 0
1460580817 1 18 18
1460580818 1 0 0
1460580819 1 0 0
1460580820 1 0 0
1460580821 1 0 0
1460580822 1 0 0
1460580823 1 0 0
1460580824 1 0 0
1460580825 1 0 0
1460580826 1 0 0
1460580827 1 0 0
1460580828 0 0 0
1460580829 0 0 0
1460580830 0 0 0
1460580831 0 0 0
1460580832 0 0 0
1460580833 0 0 0
1460580834 0 0 0
1460580835 0 0 0
1460580836 0 0 0
1460580837 0 0 0
1460580838 0 0 0
1460580839 1 0 0
1460580840 1 4 4
1460580841 1 0 0
1460580842 1 0 0
1460580843 1 2 2
1460580844 1 0 0
1460580845 1 0 0
1460580846 1 2 2
1460580847 1 18 18
1460580848 1 0 0
1460580849 1 0 0
1460580850 1 0 0
1460580851 1 34 34
1460580852 1 0 0
1460580853 1 0 0
1460580854 1 0 0
1460580855 1 18 18
1460580856 1 0 0
1460580857 1 0 0
1460580858 1 0 0
1460580859 1 0 0
1460580860 1 0 0
1460580861 1 0 0
1460580862 1 0 0
1460580863 1 0 0
1460580864 1 0 0
1460580865 1 0 0
1460580866 0 0 0
1460580867 0 0 0
1460580868 0 0 0
1460580869 0 0 0
1460580870 0 0 0
1460580871 0 0 0
1460580872 0 0 0
1460580873 0 0 0
1460580874 0 0 0
1460580875 0 0 0
1460580876 0 0 0
1460580877 0 0 0
1460580878 0 0 0
1460580879 0 0 0
1460580880 0 0 0
1460580881 0 0 0
1460580882 0 0 0
1460580883 0 0 0
1460580884 0 0 0
1460580885 0 0 0
1460580886 1 0 0
1460580887 1 34 34
1460580888 1 0 0
1460580889 1 2 2
1460580890 1 0 0
1460580891 1 0 0
1460580892 1 0 0
1460580893 1 40 40
1460580894 1 10 9
1460580895 1 58 53
1460580896 1 0 0
1460580897 1 0 0
1460580898 1 0 0
1460580899 1 0 0
1460580900 1 0 0
1460580901 1 0 0
1460580902 1 0 0
1460580903 1 0 0
1460580904 1 0 0
1460580905 1 0 0
1460580906 0 0 0
1460580907 0 0 0
1460580908 0 0 0
1460580909 0 0 0
1460580910 0 0 0
1460580911 1 0 0
1460580912 1 8 6
1460580913 1 72 72
1460580914 1 0 0
1460580915 1 0 0
1460580916 1 0 0
1460580917 1 0 0
1460580918 1 0 0
1460580919 1 2 2
1460580920 1 0 0
1460580921 1 0 0
1460580922 1 0 0
1460580923 1 16 16
1460580924 1 0 0
1460580925 1 0 0
1460580926 1 0 0
1460580927 1 0 0
1460580928 1 44 44
1460580929 1 0 0
1460580930 1 0 0
1460580931 1 44 44
1460580932 1 0 0
1460580933 1 40 40
1460580934 1 0 0
1460580935 1 32 32
1460580936 1 8 12
1460580937 1 0 0
1460580938 1 36 40
1460580939 1 0 0
1460580940 1 38 42
1460580941 1 0 0
1460580942 1 0 0
1460580943 1 0 0
1460580944 1 0 0
1460580945 1 2 2
1460580946 1 30 30
1460580947 1 0 0
1460580948 1 38 36
1460580949 1 4 10
1460580950 1 0 0
1460580951 1 0 0
1460580952 1 0 0
1460580953 1 6 6
1460580954 1 0 0
1460580955 1 4 2
1460580956 1 2 2
1460580957 1 0 0
