# Created by parse-lg-radiolog by parsing file: bkf.log
# name: RADIO_STATE
# type: matrix
# rows: 447
# columns: 4
1460658282 0 0 0
1460658283 0 0 0
1460658284 0 0 0
1460658285 0 0 0
1460658286 0 0 0
1460658287 0 0 0
1460658288 0 0 0
1460658289 0 0 0
1460658290 0 0 0
1460658291 0 0 0
1460658292 0 0 0
1460658293 0 0 0
1460658294 0 0 0
1460658295 0 0 0
1460658296 0 0 0
1460658297 0 0 0
1460658298 0 0 0
1460658299 0 0 0
1460658300 0 0 0
1460658301 0 0 0
1460658302 0 0 0
1460658303 0 0 0
1460658304 0 0 0
1460658305 0 0 0
1460658306 0 0 0
1460658307 0 0 0
1460658308 0 0 0
1460658309 0 0 0
1460658310 0 0 0
1460658311 0 0 0
1460658312 0 0 0
1460658313 0 0 0
1460658314 0 0 0
1460658315 0 0 0
1460658316 0 0 0
1460658317 1 0 0
1460658318 1 0 0
1460658319 1 2 4
1460658320 1 6 10
1460658321 1 18 20
1460658322 1 0 0
1460658323 1 0 0
1460658324 1 2 0
1460658325 1 0 0
1460658326 1 4 6
1460658327 1 0 0
1460658328 1 0 0
1460658329 1 0 0
1460658330 1 0 0
1460658331 1 0 0
1460658332 1 0 0
1460658333 1 0 0
1460658334 1 0 0
1460658335 1 0 0
1460658336 1 0 0
1460658337 1 0 0
1460658338 1 0 0
1460658339 1 0 0
1460658340 1 8 10
1460658341 1 0 0
1460658342 1 0 0
1460658343 1 0 0
1460658344 1 0 0
1460658345 1 4 6
1460658346 1 0 0
1460658347 1 0 0
1460658348 1 0 0
1460658349 1 0 0
1460658350 1 4 6
1460658351 1 0 0
1460658352 1 0 0
1460658353 1 0 0
1460658354 1 0 0
1460658355 1 0 0
1460658356 1 0 0
1460658357 1 4 6
1460658358 1 4 6
1460658359 1 0 0
1460658360 1 0 0
1460658361 1 0 0
1460658362 1 0 0
1460658363 1 0 0
1460658364 1 4 6
1460658365 1 0 0
1460658366 1 0 0
1460658367 1 0 0
1460658368 1 0 0
1460658369 1 21 12
1460658370 1 29 45
1460658371 1 0 0
1460658372 1 0 0
1460658373 1 0 0
1460658374 1 0 0
1460658375 1 0 0
1460658376 1 4 6
1460658377 1 0 0
1460658378 1 0 0
1460658379 1 0 0
1460658380 1 0 0
1460658381 1 0 0
1460658382 1 0 0
1460658383 1 0 0
1460658384 1 0 0
1460658385 1 0 0
1460658386 1 0 0
1460658387 0 0 0
1460658388 0 0 0
1460658389 0 0 0
1460658390 0 0 0
1460658391 1 0 0
1460658392 1 8 6
1460658393 1 0 0
1460658394 1 0 0
1460658395 1 0 0
1460658396 1 0 0
1460658397 1 0 0
1460658398 1 0 0
1460658399 1 0 0
1460658400 1 0 0
1460658401 1 0 0
1460658402 1 4 6
1460658403 1 0 0
1460658404 1 0 0
1460658405 1 0 0
1460658406 1 0 0
1460658407 1 0 0
1460658408 1 2 2
1460658409 1 2 4
1460658410 1 0 0
1460658411 1 0 0
1460658412 1 0 0
1460658413 1 0 0
1460658414 1 0 0
1460658415 1 0 0
1460658416 1 0 0
1460658417 1 0 0
1460658418 1 0 0
1460658419 1 0 0
1460658420 1 0 0
1460658421 0 0 0
1460658422 0 0 0
1460658423 0 0 0
1460658424 0 0 0
1460658425 0 0 0
1460658426 0 0 0
1460658427 0 0 0
1460658428 0 0 0
1460658429 0 0 0
1460658430 0 0 0
1460658431 0 0 0
1460658432 0 0 0
1460658433 0 0 0
1460658434 0 0 0
1460658435 0 0 0
1460658436 1 0 0
1460658437 1 10 8
1460658438 1 0 0
1460658439 1 0 0
1460658440 1 0 0
1460658441 1 0 0
1460658442 1 0 0
1460658443 1 0 0
1460658444 1 4 6
1460658445 1 0 0
1460658446 1 0 0
1460658447 1 0 0
1460658448 1 0 0
1460658449 1 0 0
1460658450 1 0 0
1460658451 1 0 0
1460658452 1 0 0
1460658453 1 0 0
1460658454 1 0 0
1460658455 0 0 0
1460658456 0 0 0
1460658457 0 0 0
1460658458 0 0 0
1460658459 0 0 0
1460658460 0 0 0
1460658461 0 0 0
1460658462 0 0 0
1460658463 0 0 0
1460658464 0 0 0
1460658465 0 0 0
1460658466 0 0 0
1460658467 0 0 0
1460658468 0 0 0
1460658469 0 0 0
1460658470 0 0 0
1460658471 0 0 0
1460658472 0 0 0
1460658473 0 0 0
1460658474 1 0 0
1460658475 1 25 26
1460658476 1 0 0
1460658477 1 18 22
1460658478 1 6 12
1460658479 1 0 0
1460658480 1 0 0
1460658481 1 0 0
1460658482 1 4 6
1460658483 1 0 0
1460658484 1 0 0
1460658485 1 0 0
1460658486 1 0 0
1460658487 1 0 0
1460658488 1 0 0
1460658489 1 0 0
1460658490 1 0 0
1460658491 1 0 0
1460658492 1 0 0
1460658493 1 0 0
1460658494 0 0 0
1460658495 0 0 0
1460658496 0 0 0
1460658497 0 0 0
1460658498 0 0 0
1460658499 0 0 0
1460658500 0 0 0
1460658501 0 0 0
1460658502 0 0 0
1460658503 0 0 0
1460658504 0 0 0
1460658505 0 0 0
1460658506 0 0 0
1460658507 0 0 0
1460658508 0 0 0
1460658509 0 0 0
1460658510 0 0 0
1460658511 0 0 0
1460658512 0 0 0
1460658513 0 0 0
1460658514 0 0 0
1460658515 1 0 0
1460658516 1 6 6
1460658517 1 0 0
1460658518 1 0 0
1460658519 1 2 4
1460658520 1 0 0
1460658521 1 0 0
1460658522 1 0 0
1460658523 1 0 0
1460658524 1 0 0
1460658525 1 0 0
1460658526 1 0 0
1460658527 1 0 0
1460658528 1 0 0
1460658529 1 0 0
1460658530 1 0 0
1460658531 0 0 0
1460658532 0 0 0
1460658533 0 0 0
1460658534 0 0 0
1460658535 1 0 0
1460658536 1 3 2
1460658537 1 0 0
1460658538 1 0 0
1460658539 1 0 0
1460658540 1 0 0
1460658541 1 0 0
1460658542 1 0 0
1460658543 1 0 0
1460658544 1 0 0
1460658545 1 0 0
1460658546 1 0 0
1460658547 0 0 0
1460658548 0 0 0
1460658549 0 0 0
1460658550 0 0 0
1460658551 0 0 0
1460658552 0 0 0
1460658553 0 0 0
1460658554 1 0 0
1460658555 1 4 6
1460658556 1 0 0
1460658557 1 0 0
1460658558 1 0 0
1460658559 1 0 0
1460658560 1 0 0
1460658561 1 2 0
1460658562 1 2 6
1460658563 1 0 0
1460658564 1 0 0
1460658565 1 0 0
1460658566 1 0 0
1460658567 1 0 0
1460658568 1 0 0
1460658569 1 0 0
1460658570 1 0 0
1460658571 1 0 0
1460658572 1 0 0
1460658573 0 0 0
1460658574 0 0 0
1460658575 0 0 0
1460658576 0 0 0
1460658577 0 0 0
1460658578 0 0 0
1460658579 0 0 0
1460658580 0 0 0
1460658581 0 0 0
1460658582 0 0 0
1460658583 0 0 0
1460658584 0 0 0
1460658585 0 0 0
1460658586 0 0 0
1460658587 0 0 0
1460658588 0 0 0
1460658589 0 0 0
1460658590 0 0 0
1460658591 0 0 0
1460658592 0 0 0
1460658593 0 0 0
1460658594 0 0 0
1460658595 0 0 0
1460658596 0 0 0
1460658597 1 0 0
1460658598 1 6 8
1460658599 1 0 0
1460658600 1 0 0
1460658601 1 0 0
1460658602 1 0 0
1460658603 1 0 0
1460658604 1 0 0
1460658605 1 0 0
1460658606 1 0 0
1460658607 1 0 0
1460658608 1 0 0
1460658609 1 0 0
1460658610 0 0 0
1460658611 0 0 0
1460658612 0 0 0
1460658613 0 0 0
1460658614 0 0 0
1460658615 0 0 0
1460658616 0 0 0
1460658617 0 0 0
1460658618 0 0 0
1460658619 0 0 0
1460658620 0 0 0
1460658621 0 0 0
1460658622 0 0 0
1460658623 0 0 0
1460658624 0 0 0
1460658625 0 0 0
1460658626 0 0 0
1460658627 0 0 0
1460658628 0 0 0
1460658629 0 0 0
1460658630 0 0 0
1460658631 0 0 0
1460658632 0 0 0
1460658633 0 0 0
1460658634 0 0 0
1460658635 0 0 0
1460658636 0 0 0
1460658637 0 0 0
1460658638 0 0 0
1460658639 0 0 0
1460658640 0 0 0
1460658641 0 0 0
1460658642 1 0 0
1460658643 1 4 4
1460658644 1 2 4
1460658645 1 0 0
1460658646 1 0 0
1460658647 1 0 0
1460658648 1 0 0
1460658649 1 0 0
1460658650 1 0 0
1460658651 1 0 0
1460658652 1 0 0
1460658653 1 0 0
1460658654 1 0 0
1460658655 0 0 0
1460658656 0 0 0
1460658657 0 0 0
1460658658 1 0 0
1460658659 1 4 6
1460658660 1 0 0
1460658661 1 0 0
1460658662 1 0 0
1460658663 1 0 0
1460658664 1 0 0
1460658665 1 0 0
1460658666 1 0 0
1460658667 1 0 0
1460658668 1 0 0
1460658669 1 0 0
1460658670 0 0 0
1460658671 0 0 0
1460658672 0 0 0
1460658673 0 0 0
1460658674 0 0 0
1460658675 0 0 0
1460658676 0 0 0
1460658677 0 0 0
1460658678 0 0 0
1460658679 0 0 0
1460658680 0 0 0
1460658681 0 0 0
1460658682 0 0 0
1460658683 0 0 0
1460658684 0 0 0
1460658685 0 0 0
1460658686 0 0 0
1460658687 0 0 0
1460658688 0 0 0
1460658689 0 0 0
1460658690 0 0 0
1460658691 0 0 0
1460658692 0 0 0
1460658693 0 0 0
1460658694 0 0 0
1460658695 0 0 0
1460658696 0 0 0
1460658697 0 0 0
1460658698 0 0 0
1460658699 0 0 0
1460658700 0 0 0
1460658701 0 0 0
1460658702 0 0 0
1460658703 0 0 0
1460658704 0 0 0
1460658705 0 0 0
1460658706 0 0 0
1460658707 0 0 0
1460658708 0 0 0
1460658709 0 0 0
1460658710 0 0 0
1460658711 1 0 0
1460658712 1 4 6
1460658713 1 0 0
1460658714 1 0 0
1460658715 1 0 0
1460658716 1 4 6
1460658717 1 0 0
1460658718 1 0 0
1460658719 1 0 0
1460658720 1 0 0
1460658721 1 0 0
1460658722 1 0 0
1460658723 1 0 0
1460658724 1 0 0
1460658725 1 0 0
1460658726 1 0 0
1460658727 1 0 0
1460658728 0 0 0
