# Created by parse-lg-radiolog by parsing file: facebook.log
# name: RADIO_STATE
# type: matrix
# rows: 1256
# columns: 4
1460659370 1 0 0
1460659371 1 0 0
1460659372 1 0 0
1460659373 1 0 0
1460659374 1 0 0
1460659375 1 0 0
1460659376 1 0 0
1460659377 1 0 0
1460659378 1 0 0
1460659379 0 0 0
1460659380 0 0 0
1460659381 0 0 0
1460659382 0 0 0
1460659383 0 0 0
1460659384 0 0 0
1460659385 0 0 0
1460659386 0 0 0
1460659387 0 0 0
1460659388 0 0 0
1460659389 0 0 0
1460659390 0 0 0
1460659391 0 0 0
1460659392 1 0 0
1460659393 1 39 37
1460659394 1 2 3
1460659395 1 0 0
1460659396 1 0 0
1460659397 1 0 0
1460659398 1 0 0
1460659399 1 0 0
1460659400 1 28 25
1460659401 1 36 56
1460659402 1 23 34
1460659403 1 0 0
1460659404 1 26 26
1460659405 1 60 63
1460659406 1 3 2
1460659407 1 27 31
1460659408 1 16 21
1460659409 1 4 4
1460659410 1 0 0
1460659411 1 0 0
1460659412 1 4 4
1460659413 1 7 7
1460659414 1 0 0
1460659415 1 0 0
1460659416 1 0 0
1460659417 1 0 0
1460659418 1 0 0
1460659419 1 0 0
1460659420 1 0 0
1460659421 1 0 0
1460659422 1 3 3
1460659423 1 0 0
1460659424 1 39 32
1460659425 1 15 20
1460659426 1 22 22
1460659427 1 50 66
1460659428 1 25 41
1460659429 1 11 21
1460659430 1 28 24
1460659431 1 0 0
1460659432 1 0 0
1460659433 1 0 0
1460659434 1 0 0
1460659435 1 0 0
1460659436 1 7 6
1460659437 1 9 17
1460659438 1 0 0
1460659439 1 0 0
1460659440 1 0 0
1460659441 1 0 0
1460659442 1 0 0
1460659443 1 0 0
1460659444 1 0 0
1460659445 1 0 0
1460659446 1 0 0
1460659447 1 0 0
1460659448 0 0 0
1460659449 0 0 0
1460659450 1 0 0
1460659451 1 8 6
1460659452 1 0 0
1460659453 1 0 0
1460659454 1 0 0
1460659455 1 0 0
1460659456 1 12 12
1460659457 1 20 24
1460659458 1 0 0
1460659459 1 0 0
1460659460 1 0 0
1460659461 1 9 9
1460659462 1 32 36
1460659463 1 0 0
1460659464 1 0 0
1460659465 1 31 41
1460659466 1 8 8
1460659467 1 0 0
1460659468 1 0 0
1460659469 1 0 0
1460659470 1 0 0
1460659471 1 0 0
1460659472 1 0 0
1460659473 1 8 12
1460659474 1 0 0
1460659475 1 3 5
1460659476 1 2 0
1460659477 1 8 11
1460659478 1 0 0
1460659479 1 0 0
1460659480 1 0 0
1460659481 1 0 0
1460659482 1 0 0
1460659483 1 0 0
1460659484 1 2 2
1460659485 1 0 0
1460659486 1 5 6
1460659487 1 5 5
1460659488 1 0 0
1460659489 1 0 0
1460659490 1 0 0
1460659491 1 0 0
1460659492 1 0 0
1460659493 1 2 2
1460659494 1 1 1
1460659495 1 0 0
1460659496 1 0 0
1460659497 1 0 0
1460659498 1 0 0
1460659499 1 0 0
1460659500 1 0 0
1460659501 1 5 5
1460659502 1 0 0
1460659503 1 0 0
1460659504 1 0 0
1460659505 1 0 0
1460659506 1 0 0
1460659507 1 0 0
1460659508 1 0 0
1460659509 1 0 0
1460659510 1 0 0
1460659511 1 0 0
1460659512 1 0 0
1460659513 0 0 0
1460659514 0 0 0
1460659515 0 0 0
1460659516 0 0 0
1460659517 1 0 0
1460659518 1 4 3
1460659519 1 0 0
1460659520 1 0 0
1460659521 1 8 12
1460659522 1 22 18
1460659523 1 0 0
1460659524 1 0 0
1460659525 1 0 0
1460659526 1 0 0
1460659527 1 6 12
1460659528 1 0 0
1460659529 1 0 0
1460659530 1 0 0
1460659531 1 0 0
1460659532 1 0 0
1460659533 1 0 0
1460659534 1 0 0
1460659535 1 0 0
1460659536 1 0 0
1460659537 1 0 0
1460659538 1 0 0
1460659539 1 0 0
1460659540 1 0 0
1460659541 1 2 1
1460659542 1 4 4
1460659543 1 3 4
1460659544 1 1 0
1460659545 1 1 2
1460659546 1 0 0
1460659547 1 0 0
1460659548 1 0 0
1460659549 1 0 0
1460659550 1 0 0
1460659551 1 0 0
1460659552 1 0 0
1460659553 1 5 5
1460659554 1 0 0
1460659555 1 0 0
1460659556 1 0 0
1460659557 1 0 0
1460659558 1 0 0
1460659559 1 0 0
1460659560 1 0 0
1460659561 1 0 0
1460659562 1 0 0
1460659563 1 0 0
1460659564 0 0 0
1460659565 0 0 0
1460659566 0 0 0
1460659567 0 0 0
1460659568 0 0 0
1460659569 0 0 0
1460659570 0 0 0
1460659571 0 0 0
1460659572 0 0 0
1460659573 0 0 0
1460659574 1 0 0
1460659575 1 22 22
1460659576 1 0 0
1460659577 1 0 0
1460659578 1 0 0
1460659579 1 2 2
1460659580 1 40 36
1460659581 1 85 85
1460659582 1 226 225
1460659583 1 103 102
1460659584 1 71 105
1460659585 1 28 27
1460659586 1 1 0
1460659587 1 6 6
1460659588 1 14 0
1460659589 1 5 18
1460659590 1 0 0
1460659591 1 10 8
1460659592 1 28 28
1460659593 1 0 0
1460659594 1 94 80
1460659595 1 222 331
1460659596 1 68 68
1460659597 1 9 9
1460659598 1 1 0
1460659599 1 1 0
1460659600 1 0 0
1460659601 1 2 2
1460659602 1 0 0
1460659603 1 2 3
1460659604 1 1 0
1460659605 1 15 15
1460659606 1 1 1
1460659607 1 1 1
1460659608 1 5 6
1460659609 1 0 0
1460659610 1 0 0
1460659611 1 0 0
1460659612 1 0 0
1460659613 1 0 0
1460659614 1 2 2
1460659615 1 0 0
1460659616 1 0 0
1460659617 1 0 0
1460659618 1 0 0
1460659619 1 0 0
1460659620 1 0 0
1460659621 1 0 0
1460659622 1 0 0
1460659623 1 0 0
1460659624 1 2 2
1460659625 1 0 0
1460659626 1 0 0
1460659627 1 0 0
1460659628 1 0 0
1460659629 1 0 0
1460659630 1 0 0
1460659631 1 0 0
1460659632 1 0 0
1460659633 1 0 0
1460659634 1 0 0
1460659635 0 0 0
1460659636 0 0 0
1460659637 0 0 0
1460659638 0 0 0
1460659639 1 60 67
1460659640 1 29 39
1460659641 1 11 11
1460659642 1 0 0
1460659643 1 0 0
1460659644 1 0 0
1460659645 1 0 0
1460659646 1 0 0
1460659647 1 3 0
1460659648 1 2 0
1460659649 1 1 0
1460659650 1 0 0
1460659651 1 2 0
1460659652 1 1 0
1460659653 1 30 33
1460659654 1 26 35
1460659655 1 2 3
1460659656 1 4 4
1460659657 1 4 4
1460659658 1 0 0
1460659659 1 0 0
1460659660 1 0 0
1460659661 1 0 0
1460659662 1 0 0
1460659663 1 0 0
1460659664 1 2 0
1460659665 1 2 0
1460659666 1 2 0
1460659667 1 0 0
1460659668 1 0 0
1460659669 1 1 0
1460659670 1 0 0
1460659671 1 0 0
1460659672 1 1 0
1460659673 1 0 0
1460659674 1 1 1
1460659675 1 0 0
1460659676 1 43 43
1460659677 1 0 0
1460659678 1 0 0
1460659679 1 0 0
1460659680 1 0 0
1460659681 1 0 0
1460659682 1 0 0
1460659683 1 0 0
1460659684 1 0 0
1460659685 1 0 0
1460659686 1 0 0
1460659687 0 0 0
1460659688 0 0 0
1460659689 0 0 0
1460659690 1 6 6
1460659691 1 0 2
1460659692 1 0 0
1460659693 1 10 10
1460659694 1 8 8
1460659695 1 8 8
1460659696 1 48 49
1460659697 1 0 0
1460659698 1 0 0
1460659699 1 0 0
1460659700 1 0 0
1460659701 1 0 0
1460659702 1 0 0
1460659703 1 0 0
1460659704 1 0 0
1460659705 1 0 0
1460659706 1 28 30
1460659707 1 0 0
1460659708 1 0 0
1460659709 1 0 0
1460659710 1 0 0
1460659711 1 0 0
1460659712 1 0 0
1460659713 1 0 0
1460659714 1 0 0
1460659715 1 8 8
1460659716 1 0 0
1460659717 1 0 0
1460659718 1 0 0
1460659719 1 0 0
1460659720 1 5 6
1460659721 1 0 0
1460659722 1 0 0
1460659723 1 0 0
1460659724 1 0 0
1460659725 1 2 2
1460659726 1 2 2
1460659727 1 19 21
1460659728 1 0 0
1460659729 1 7 6
1460659730 1 0 0
1460659731 1 0 0
1460659732 1 0 0
1460659733 1 0 0
1460659734 1 0 0
1460659735 1 0 0
1460659736 1 0 0
1460659737 1 0 0
1460659738 1 0 0
1460659739 1 0 0
1460659740 0 0 0
1460659741 0 0 0
1460659742 0 0 0
1460659743 0 0 0
1460659744 0 0 0
1460659745 0 0 0
1460659746 0 0 0
1460659747 0 0 0
1460659748 0 0 0
1460659749 0 0 0
1460659750 0 0 0
1460659751 0 0 0
1460659752 0 0 0
1460659753 1 0 0
1460659754 1 20 20
1460659755 1 0 0
1460659756 1 0 0
1460659757 1 0 0
1460659758 1 0 0
1460659759 1 0 0
1460659760 1 14 12
1460659761 1 5 5
1460659762 1 4 4
1460659763 1 0 0
1460659764 1 0 0
1460659765 1 0 0
1460659766 1 0 0
1460659767 1 0 0
1460659768 1 0 0
1460659769 1 0 0
1460659770 1 0 0
1460659771 1 7 7
1460659772 1 0 0
1460659773 1 0 0
1460659774 1 0 0
1460659775 1 0 0
1460659776 1 0 0
1460659777 1 0 0
1460659778 1 3 2
1460659779 1 3 3
1460659780 1 0 0
1460659781 1 0 0
1460659782 1 0 0
1460659783 1 0 0
1460659784 1 2 2
1460659785 1 0 0
1460659786 1 0 0
1460659787 1 0 0
1460659788 1 10 6
1460659789 1 77 95
1460659790 1 3 4
1460659791 1 0 0
1460659792 1 0 0
1460659793 1 0 0
1460659794 1 0 0
1460659795 1 0 0
1460659796 1 0 0
1460659797 1 0 0
1460659798 1 0 0
1460659799 1 0 0
1460659800 1 0 0
1460659801 1 0 0
1460659802 1 0 0
1460659803 1 0 0
1460659804 1 0 0
1460659805 1 0 0
1460659806 1 0 0
1460659807 1 0 0
1460659808 1 0 0
1460659809 1 0 0
1460659810 1 0 0
1460659811 1 0 0
1460659812 0 0 0
1460659813 0 0 0
1460659814 0 0 0
1460659815 0 0 0
1460659816 0 0 0
1460659817 1 0 0
1460659818 1 11 13
1460659819 1 0 0
1460659820 1 3 6
1460659821 1 2 6
1460659822 1 2 2
1460659823 1 3 5
1460659824 1 12 12
1460659825 1 2 4
